0 - (62.778, 34.101)
0 - (55.674, 25.503)
0 - (62.355, 32.75)
0 - (60.255, 37.709)
0 - (62.254, 22.783)
0 - (59.553, 33.499)
0 - (60.199, 32.636)
0 - (62.868, 42.298)
0 - (57.4, 39.828)
0 - (53.684, 46.365)
0 - (61.859, 38.426)
0 - (41.62, 47.719)
0 - (50.803, 43.491)
0 - (46.627, 45.966)
0 - (41.194, 49.552)
0 - (49.179, 48.292)
0 - (56.73, 46.033)
0 - (51.547, 42.36)
0 - (55.149, 39.415)
0 - (62.292, 42.857)
0 - (55.765, 44.362)
0 - (52.964, 37.324)
0 - (57.867, 42.378)
0 - (59.535, 36.473)
0 - (61.566, 42.828)
0 - (61.4, 43.693)
0 - (62.712, 37.491)
0 - (50.622, 44.399)
0 - (60.125, 37.398)
0 - (52.212, 43.435)
0 - (58.391, 44.13)
0 - (54.329, 40.388)
0 - (48.069, 46.345)
0 - (62.615, 34.939)
0 - (49.372, 43.783)
0 - (53.112, 47.121)
0 - (53.69, 46.485)
0 - (51.453, 49.535)
0 - (53.934, 43.969)
0 - (55.502, 45.904)
0 - (56.856, 46.664)
0 - (51.853, 44.278)
0 - (47.117, 50.047)
0 - (48.286, 50.997)
0 - (48.979, 48.623)
0 - (52.106, 48.311)
0 - (56.885, 44.778)
0 - (51.12, 48.435)
0 - (57.674, 44.384)
0 - (55.487, 40.134)
0 - (58.689, 36.297)
0 - (61.209, 34.847)
0 - (50.894, 39.678)
0 - (50.88, 38.389)
0 - (57.259, 30.615)
0 - (56.136, 44.167)
0 - (57.229, 36.188)
0 - (57.717, 44.224)
0 - (58.184, 40.955)
0 - (53.544, 38.505)
0 - (49.653, 33.052)
0 - (52.434, 43.728)
0 - (55.946, 43.773)
0 - (59.03, 40.362)
0 - (40.341, 40.782)
0 - (52.895, 41.033)
0 - (57.982, 35.886)
0 - (54.989, 43.262)
0 - (49.749, 28.82)
0 - (47.687, 33.559)
0 - (50.995, 31.398)
0 - (50.248, 32.434)
0 - (59.142, 36.004)
0 - (47.346, 46.53)
0 - (55.058, 36.279)
0 - (51.626, 31.635)
0 - (52.046, 43.915)
0 - (52.185, 31.898)
0 - (62.443, 36.478)
0 - (54.69, 40.27)
0 - (59.148, 31.973)
0 - (62.463, 37.107)
0 - (54.359, 34.111)
0 - (52.361, 27.083)
0 - (50.161, 44.836)
0 - (46.792, 36.122)
0 - (51.836, 31.861)
0 - (56.541, 32.815)
0 - (52.493, 42.916)
0 - (42.8, 36.149)
0 - (51.589, 37.093)
0 - (50.07, 32.671)
0 - (38.519, 37.004)
0 - (54.948, 42.119)
0 - (62.59, 43.298)
0 - (55.064, 45.386)
0 - (53.19, 35.21)
0 - (58.381, 36.621)
0 - (48.211, 32.777)
0 - (46.798, 31.898)
0 - (46.41, 37.034)
0 - (49.274, 34.846)
0 - (52.536, 27.961)
0 - (57.977, 35.987)
0 - (59.618, 38.506)
0 - (57.29, 39.139)
0 - (55.412, 23.818)
0 - (58.294, 40.322)
0 - (46.91, 35.867)
0 - (47.757, 23.508)
0 - (38.39, 31.756)
0 - (41.581, 21.968)
0 - (51.61, 41.448)
0 - (55.644, 37.116)
0 - (52.5, 33.406)
0 - (49.278, 32.862)
0 - (51.679, 42.247)
0 - (50.118, 36.004)
0 - (58.108, 39.022)
0 - (62.102, 22.197)
0 - (46.064, 32.589)
0 - (55.92, 41.521)
0 - (44.835, 28.198)
0 - (46.933, 48.967)
0 - (48.453, 15.64)
0 - (52.95, 42.338)
0 - (47.43, 39.959)
0 - (52.858, 35.125)
0 - (48.565, 34.749)
0 - (53.714, 39.494)
0 - (54.462, 34.675)
0 - (46.777, 42.58)
0 - (52.535, 36.117)
0 - (55.101, 34.588)
0 - (53.483, 40.573)
0 - (52.761, 41.14)
0 - (57.587, 25.04)
0 - (49.442, 30.111)
0 - (58.082, 39.648)
0 - (44.09, 42.703)
0 - (52.573, 31.782)
0 - (49.122, 39.684)
0 - (49.639, 33.387)
0 - (54.103, 33.597)
0 - (44.4, 34.585)
0 - (44.822, 39.535)
0 - (44.795, 39.23)
0 - (53.002, 40.655)
0 - (42.495, 36.564)
0 - (43.82, 37.262)
0 - (57.2, 35.08)
0 - (60.064, 38.479)
0 - (51.92, 30.693)
0 - (49.714, 33.622)
0 - (47.436, 36.05)
0 - (47.27, 38.52)
0 - (55.517, 42.739)
0 - (50.898, 29.35)
0 - (54.872, 37.802)
0 - (43.349, 34.137)
0 - (50.64, 41.991)
0 - (47.949, 35.249)
0 - (58.101, 43.943)
0 - (62.311, 33.185)
0 - (49.119, 36.2)
0 - (53.29, 38.607)
0 - (53.724, 39.238)
0 - (57.879, 40.622)
0 - (47.686, 31.792)
0 - (52.554, 35.095)
0 - (52.276, 47.077)
0 - (50.837, 47.045)
0 - (44.247, 52.613)
0 - (51.923, 35.24)
0 - (54.803, 36.037)
0 - (48.74, 29.53)
0 - (48.79, 25.389)
0 - (55.747, 31.815)
0 - (54.296, 30.539)
0 - (53.257, 34.275)
0 - (46.658, 33.485)
0 - (45.876, 37.181)
0 - (44.955, 43.881)
0 - (58.403, 42.269)
0 - (47.139, 41.975)
0 - (56.406, 40.073)
0 - (53.542, 36.742)
0 - (51.447, 39.927)
0 - (51.919, 37.626)
0 - (46.762, 40.945)
0 - (51.712, 38.833)
0 - (45.546, 29.043)
0 - (58.65, 38.166)
0 - (41.304, 40.318)
0 - (58.737, 44.389)
0 - (51.386, 34.977)
0 - (54.961, 44.191)
0 - (53.613, 34.281)
0 - (49.893, 37.806)
0 - (58.005, 31.124)
0 - (48.921, 43.055)
0 - (55.116, 39.176)
0 - (43.78, 44.25)
0 - (52.803, 33.972)
0 - (49.929, 34.734)
0 - (54.105, 47.412)
0 - (54.839, 46.9)
0 - (49.551, 34.912)
0 - (58.217, 30.174)
0 - (58.498, 43.831)
0 - (47.714, 35.791)
0 - (40.93, 26.123)
0 - (56.774, 27.431)
0 - (39.891, 31.451)
0 - (56.536, 45.177)
0 - (43.107, 41.44)
0 - (43.801, 33.78)
0 - (52.502, 38.796)
0 - (45.751, 38.515)
0 - (42.066, 40.517)
0 - (59.854, 33.945)
0 - (57.309, 24.207)
0 - (54.952, 31.151)
0 - (48.428, 39.226)
0 - (38.218, 34.614)
0 - (42.961, 43.907)
0 - (50.825, 33.924)
0 - (53.414, 35.75)
0 - (44.737, 45.188)
0 - (52.288, 30.205)
0 - (52.865, 39.26)
0 - (55.084, 28.006)
0 - (46.391, 39.053)
0 - (53.562, 43.952)
0 - (44.709, 47.774)
0 - (47.028, 24.083)
0 - (47.519, 31.445)
0 - (50.605, 39.129)
0 - (51.001, 31.476)
0 - (54.704, 47.336)
0 - (43.266, 45.02)

1 - (84.12, 66.942)
1 - (61.29, 66.766)
1 - (80.276, 68.687)
1 - (79.114, 67.182)
1 - (64.764, 70.965)
1 - (63.925, 65.678)
1 - (64.068, 68.332)
1 - (79.067, 63.229)
1 - (61.638, 64.19)
1 - (73.595, 67.608)
1 - (63.161, 55.496)
1 - (75.109, 53.618)
1 - (61.862, 48.895)
1 - (67.464, 47.197)
1 - (71.756, 53.482)
1 - (65.449, 49.04)
1 - (65.728, 47.228)
1 - (61.44, 52.258)
1 - (67.88, 49.67)
1 - (61.924, 46.458)
1 - (58.859, 65.795)
1 - (63.705, 57.611)
1 - (57.605, 50.026)
1 - (68.141, 66.177)
1 - (61.201, 54.671)
1 - (71.315, 51.65)
1 - (61.091, 46.051)
1 - (54.954, 53.289)
1 - (60.726, 51.193)
1 - (57.709, 60.381)
1 - (60.468, 57.824)
1 - (52.009, 71.611)
1 - (66.233, 55.13)
1 - (69.04, 59.023)
1 - (65.435, 67.283)
1 - (66.291, 59.484)
1 - (66.591, 54.52)
1 - (61.036, 46.557)
1 - (50.491, 60.566)
1 - (62.255, 52.869)
1 - (59.227, 52.578)
1 - (62.807, 56.924)
1 - (50.501, 54.864)
1 - (59.172, 57.16)
1 - (59.836, 48.811)
1 - (43.076, 55.948)
1 - (55.259, 60.21)
1 - (69.525, 61.483)
1 - (61.592, 48.457)
1 - (61.302, 49.833)
1 - (58.737, 55.329)
1 - (56.522, 59.911)
1 - (64.706, 44.814)
1 - (64.552, 55.603)
1 - (65.688, 48.755)
1 - (53.337, 64.344)
1 - (55.829, 51.115)
1 - (65.119, 66.121)
1 - (61.205, 62.699)
1 - (52.879, 57.163)
1 - (69.16, 49.128)
1 - (65.302, 55.551)
1 - (63.071, 58.579)
1 - (55.578, 54.714)
1 - (64.033, 53.987)
1 - (64.862, 55.757)
1 - (61.649, 53.719)
1 - (53.836, 54.792)
1 - (60.047, 54.453)
1 - (62.195, 47.722)
1 - (59.26, 59.708)
1 - (53.579, 49.572)
1 - (68.175, 54.329)
1 - (58.893, 51.207)
1 - (68.895, 54.005)
1 - (56.348, 65.541)
1 - (60.919, 65.955)
1 - (61.723, 61.624)
1 - (58.078, 47.247)
1 - (60.883, 48.447)
1 - (57.057, 63.027)
1 - (58.516, 51.059)
1 - (73.382, 68.749)
1 - (66.131, 62.027)
1 - (53.744, 58.126)
1 - (61.895, 51.253)
1 - (69.177, 52.801)
1 - (62.315, 58.701)
1 - (69.322, 50.457)
1 - (61.723, 47.955)
1 - (57.906, 49.985)
1 - (66.517, 46.138)
1 - (49.846, 56.717)
1 - (61.718, 47.467)
1 - (63.826, 52.839)
1 - (69.509, 55.504)
1 - (62.251, 49.069)
1 - (66.004, 58.305)
1 - (49.368, 53.09)
1 - (59.441, 64.22)
1 - (66.577, 50.86)
1 - (43.883, 60.036)
1 - (54.915, 52.342)
1 - (64.964, 58.902)
1 - (75.091, 55.72)
1 - (65.77, 48.137)
1 - (54.809, 51.561)
1 - (56.444, 53.218)
1 - (60.857, 61.048)
1 - (41.659, 57.688)
1 - (50.672, 52.688)
1 - (62.004, 61.445)
1 - (59.216, 57.935)
1 - (66.116, 56.174)
1 - (63.789, 49.338)
1 - (71.622, 64.74)
1 - (62.334, 55.332)
1 - (72.22, 51.757)
1 - (70.424, 58.521)
1 - (63.388, 58.965)
1 - (66.913, 63.057)
1 - (58.266, 54.64)
1 - (64.159, 58.259)
1 - (67.474, 55.497)
1 - (61.902, 47.515)
1 - (59.865, 61.1)
1 - (57.532, 50.077)
1 - (55.476, 59.108)
1 - (64.62, 56.725)
1 - (59.44, 49.686)
1 - (66.351, 49.831)
1 - (62.586, 63.813)
1 - (61.484, 57.876)
1 - (61.539, 56.732)
1 - (54.066, 54.04)
1 - (59.569, 54.679)
1 - (65.083, 52.219)
1 - (60.3, 53.826)
1 - (54.102, 55.269)
1 - (50.177, 53.316)
1 - (63.347, 55.628)
1 - (53.792, 57.323)
1 - (62.231, 53.472)
1 - (75.972, 55.835)
1 - (42.145, 72.124)
1 - (65.694, 50.684)
1 - (66.342, 46.939)
1 - (59.264, 54.937)
1 - (67.886, 57.46)
1 - (64.87, 54.987)
1 - (62.175, 63.444)
1 - (65.949, 60.776)
1 - (58.483, 65.982)
1 - (52.194, 58.183)
1 - (62.765, 51.105)
1 - (55.462, 54.045)
1 - (54.404, 68.172)
1 - (54.408, 63.186)
1 - (63.291, 57.639)
1 - (47.599, 62.46)
1 - (56.989, 54.965)
1 - (58.619, 51.339)
1 - (59.712, 46.843)
1 - (50.745, 53.604)
1 - (52.542, 52.748)
1 - (57.423, 55.534)

2 - (70.851, 86.215)
2 - (65.417, 88.323)
2 - (75.622, 87.032)
2 - (70.122, 84.419)
2 - (52.471, 89.891)
2 - (58.541, 90.688)
2 - (80.15, 91.332)
2 - (64.013, 88.265)
2 - (72.513, 91.228)
2 - (72.994, 85.63)
2 - (72.657, 100)
2 - (65.535, 95.709)
2 - (90.659, 85.302)
2 - (69.76, 90.641)
2 - (60.949, 90.41)
2 - (66.475, 81.164)
2 - (55.659, 78.352)
2 - (65.588, 78.515)
2 - (76.836, 98.389)
2 - (62.808, 100)
2 - (67.471, 99.793)
2 - (84.225, 87.741)
2 - (83.517, 84.602)
2 - (72.336, 78.302)
2 - (82.501, 95.967)
2 - (68.195, 83.828)
2 - (63.006, 91.693)
2 - (50.724, 85.441)
2 - (87.414, 82.66)
2 - (51.773, 96.098)
2 - (68.544, 89.419)
2 - (67.551, 96.145)
2 - (58.282, 100)
2 - (71.955, 80.561)
2 - (45.966, 95.514)
2 - (71.194, 87.474)
2 - (75.696, 86.121)
2 - (88.327, 91.936)
2 - (55.987, 83.649)
2 - (57.555, 88.264)
2 - (82.103, 86.293)
2 - (57.562, 89.428)
2 - (65.141, 90.649)
2 - (59.185, 78.655)
2 - (67.537, 89.139)
2 - (80.299, 99.512)
2 - (69.437, 76.836)
2 - (65.597, 99.98)
2 - (60.053, 86.28)
2 - (64.444, 97.826)
2 - (77.755, 72.477)
2 - (55.069, 88.97)
2 - (62.344, 76.206)
2 - (62.327, 100)
2 - (68.878, 84.35)
2 - (67.268, 90.319)
2 - (54.628, 100)
2 - (82.352, 85.94)
2 - (61.403, 81.84)
2 - (73.923, 71.937)
2 - (56.193, 96.221)
2 - (69.719, 71.865)
2 - (78.84, 83.379)
2 - (75.004, 94.385)
2 - (57.955, 94.168)
2 - (78.245, 73.122)
2 - (60.387, 87.991)
2 - (71.136, 89.441)
2 - (74.924, 72.535)
2 - (79.509, 74.137)
2 - (67.837, 87.792)
2 - (73.221, 85.126)
2 - (65.012, 92.687)
2 - (62.899, 86.489)
2 - (57.013, 92.207)
2 - (63.427, 99.865)
2 - (47.408, 83.488)
2 - (87.08, 85.939)
2 - (60.128, 76.744)
2 - (75.284, 100)
2 - (91.337, 96.972)
2 - (63.336, 88.86)
2 - (85.055, 92.849)
2 - (71.674, 85.389)
2 - (70.535, 76.673)
2 - (79.794, 85.223)
2 - (76.131, 85.212)
2 - (76.731, 82.529)
2 - (50.531, 95.755)
2 - (60.971, 86.093)
2 - (58.078, 80.412)
2 - (72.439, 82.89)
2 - (62.632, 97.083)
2 - (50.769, 92.407)
2 - (57.03, 80.209)
2 - (49.334, 74.843)
2 - (81.332, 77.477)
2 - (64.411, 92.659)
2 - (65.591, 89.271)
2 - (70.931, 96)
2 - (63.27, 81.364)
2 - (64.559, 80.005)
2 - (71.98, 82.193)
2 - (63.533, 78.054)
2 - (35.425, 96.197)
2 - (48.134, 85.671)
2 - (57.715, 84.18)
2 - (66.122, 95.76)
2 - (56.604, 89.934)
2 - (60.508, 97.809)
2 - (71.389, 81.385)
2 - (57.273, 91.222)
2 - (71.604, 93.527)
2 - (71.33, 90.462)
2 - (57.946, 77.588)
2 - (67.992, 86.98)
2 - (74.049, 93.837)
2 - (64.844, 100)
2 - (64.415, 89.147)
2 - (84.527, 87.873)
2 - (68.084, 89.465)
2 - (62.485, 92.334)
2 - (56.889, 78.452)
2 - (69.895, 90.083)
2 - (73.668, 96.965)
2 - (63.433, 81.556)
2 - (72.225, 86.373)
2 - (63.518, 93.578)
2 - (70.199, 82.747)
2 - (71.639, 87.409)
2 - (57.02, 77.838)
2 - (70.097, 91.338)
2 - (70.501, 85.174)
2 - (70.111, 77.249)
2 - (60.79, 83.284)
2 - (61.842, 98.211)
2 - (53.42, 86.965)
2 - (84.141, 83.138)
2 - (65.105, 87.565)
2 - (65.455, 86.466)
2 - (67.475, 100)
2 - (65.997, 85.219)
2 - (67.168, 74.019)
2 - (53.049, 91.631)
2 - (79.486, 81.844)
2 - (73.977, 98.537)
2 - (61.246, 82.185)
2 - (57.673, 91.064)
2 - (58.374, 90.426)
2 - (75.927, 99.441)
2 - (73.755, 94.986)
2 - (68.354, 78.963)
2 - (74.724, 83.582)
2 - (78.919, 76.315)
2 - (61.072, 91.072)
2 - (51.577, 81.17)
2 - (64.006, 87.023)
2 - (61.561, 89.703)
2 - (61.022, 89.174)
2 - (62.998, 79.384)
2 - (65.798, 83.66)
2 - (71.63, 100)
2 - (77.034, 75.76)
2 - (80.209, 85.196)
2 - (65.322, 91.667)
2 - (57.472, 95.818)
2 - (67.896, 79.304)
2 - (79.012, 89.449)
2 - (59.115, 95.961)
2 - (89.891, 78.996)
2 - (53.371, 93.421)
2 - (57.355, 83.099)
2 - (69.656, 88.05)
2 - (76.308, 77.051)
2 - (53.863, 74.665)
2 - (69.247, 84.558)
2 - (75.504, 100)
2 - (72.257, 73.496)
2 - (60.471, 80.689)
2 - (63.008, 72.201)
2 - (64.267, 82.551)
2 - (68.582, 90.194)
2 - (80.531, 91.833)
2 - (70.739, 83.275)
2 - (52.555, 100)
2 - (50.648, 80.783)
2 - (70.946, 89.11)
2 - (70.834, 76.479)
2 - (53.858, 88.066)
2 - (83.939, 85.688)
2 - (73.542, 73.125)

3 - (71.217, 24.977)
3 - (79.952, 22.067)
3 - (92.04, 35.663)
3 - (85.184, 24.473)
3 - (75.96, 16.695)
3 - (96.968, 28.313)
3 - (87.581, 25.24)
3 - (84.214, 29.069)
3 - (77.31, 25.996)
3 - (81.283, 19.025)
3 - (78.31, 28.094)
3 - (66.639, 19.746)
3 - (79.79, 17.561)
3 - (91.2, 17.573)
3 - (74.509, 23.223)
3 - (86.001, 32.951)
3 - (78.018, 27.366)
3 - (70.214, 21.274)
3 - (90.217, 8.221)
3 - (81.289, 22.994)
3 - (77.568, 22.19)
3 - (78.215, 16.954)
3 - (94.221, 27.4)
3 - (89.491, 28.431)
3 - (80.966, 28.572)
3 - (76.328, 20.563)
3 - (85.674, 20.358)
3 - (73.971, 27.504)
3 - (78.097, 8.412)
3 - (90.97, 29.199)
3 - (80.667, 25.921)
3 - (84.939, 26.732)
3 - (90.574, 28.483)
3 - (92.432, 31.494)
3 - (81.798, 30.696)
3 - (84.36, 26.4)
3 - (78.661, 28.168)
3 - (86.123, 33.605)
3 - (87.781, 10.714)
3 - (84.376, 26.023)
3 - (86.329, 36.788)
3 - (77.406, 18.929)
3 - (84.192, 22.663)
3 - (71.204, 24.981)
3 - (81.149, 32.372)
3 - (82.832, 22.474)
3 - (85.356, 26.497)
3 - (78.713, 25.776)
3 - (88.167, 36.455)
3 - (80.708, 29.986)
3 - (92.634, 30.54)
3 - (82.953, 32.87)
3 - (94.431, 27.63)
3 - (76.943, 21.447)
3 - (91.608, 28.007)
3 - (84.057, 29.49)
3 - (87.038, 36.505)
3 - (92.378, 23.608)
3 - (88.458, 19.298)
3 - (86.285, 26.237)
3 - (88.961, 34.48)
3 - (85.91, 14.489)
3 - (70.758, 24.681)
3 - (83.528, 31.98)
3 - (99.827, 23.455)
3 - (85.849, 14.425)
3 - (77.864, 24.88)
3 - (69.62, 24.429)
3 - (82.82, 26.631)
3 - (73.716, 22.647)
3 - (86.907, 22.142)
3 - (89.92, 30.89)
3 - (87.147, 29.863)
3 - (78.752, 31.596)
3 - (80.458, 20.741)
3 - (90.772, 19.129)
3 - (80.469, 21.59)
3 - (86.152, 23.611)
3 - (98.549, 28.261)
3 - (76.368, 26.361)
3 - (93.071, 13.561)
3 - (79.317, 28.081)
3 - (80.483, 16.591)
3 - (78.486, 18.557)
3 - (79.291, 26.372)
3 - (81.797, 22.381)
3 - (77.231, 24.143)
3 - (79.642, 30.584)
3 - (84.53, 35.043)
3 - (86.665, 34.47)
3 - (86.311, 29.898)
3 - (78.651, 26.058)
3 - (89.427, 22.659)
3 - (88.732, 26.425)
3 - (80.583, 24.317)
3 - (83.586, 22.573)
3 - (82.787, 23.326)
3 - (85.206, 17.115)
3 - (88.712, 30.928)
3 - (85.759, 24.422)
3 - (86.087, 23.414)
3 - (74.139, 25.83)
3 - (82.233, 19.055)
3 - (84.576, 32.689)
3 - (79.506, 31.488)
3 - (85.113, 33.803)
3 - (68.466, 17.464)
3 - (87.146, 32.527)
3 - (86.28, 27.565)
3 - (73.816, 25.349)
3 - (79.128, 21.774)
3 - (87.837, 31.103)
3 - (73.828, 22.829)
3 - (83.555, 24.711)
3 - (80.944, 17.031)
3 - (86.837, 28.585)
3 - (90.243, 29.148)
3 - (86.357, 16.084)
3 - (82.373, 14.042)
3 - (90.517, 28.465)
3 - (75.892, 21.648)
3 - (85.505, 27.217)
3 - (89.882, 29.698)
3 - (90.103, 21.845)
3 - (69.909, 23.474)
3 - (88.158, 20.807)
3 - (94.168, 36.728)
3 - (82.645, 22.099)
3 - (86.137, 26.491)
3 - (73.683, 26.272)
3 - (85.281, 27.185)
3 - (76.353, 26.503)
3 - (81.79, 25.708)
3 - (82.862, 22.382)
3 - (78.758, 24.744)
3 - (87.83, 35.796)
3 - (79.625, 18.934)
3 - (86.197, 26.968)
3 - (77.921, 26.928)
3 - (92.81, 27.075)
3 - (88.453, 10.617)
3 - (82.031, 33.421)
3 - (81.865, 28.619)
3 - (84.894, 35.755)
3 - (82.456, 25.561)
3 - (76.066, 21.498)
3 - (83.727, 24.876)
3 - (96.295, 25.815)
3 - (90.718, 17.328)
3 - (81.104, 19.792)
3 - (88.415, 24.38)
3 - (79.426, 20.179)
3 - (79.202, 28.207)
3 - (75.101, 22.823)
3 - (88.971, 30.917)
3 - (90.271, 31.794)
3 - (78.849, 27.513)
3 - (92.084, 21.107)
3 - (87.493, 25.043)
3 - (91.516, 31.972)
3 - (82.752, 26.897)
3 - (83.026, 23.509)
3 - (81.347, 31.593)
3 - (86.223, 35.008)
3 - (72.659, 24.725)
3 - (85.483, 25.481)
3 - (82.693, 29.841)
3 - (82.915, 29.411)
3 - (93.128, 31.163)
3 - (82.962, 34.326)
3 - (79.817, 29.167)
3 - (81.01, 32.032)
3 - (72.418, 26.65)
3 - (81.334, 32.977)
3 - (79.155, 30.126)
3 - (81.638, 28.066)
3 - (90.136, 34.146)
3 - (78.727, 31.82)
3 - (77.087, 26.154)
3 - (78.353, 30.499)
3 - (79.676, 28.025)
3 - (76.244, 22.095)
3 - (76.013, 27.627)
3 - (85.416, 35.541)
3 - (86.609, 26.067)
3 - (75.012, 28.762)
3 - (76.974, 30.086)
3 - (77.492, 29.04)
3 - (81.261, 28.318)
3 - (72.179, 25.842)

4 - (84.594, 39.589)
4 - (72.901, 40.081)
4 - (73.849, 41.41)
4 - (73.348, 29.766)
4 - (73.258, 35.335)
4 - (80.963, 34.08)
4 - (71.472, 33.17)
4 - (74.46, 33.17)
4 - (69.922, 31.356)
4 - (75.4, 32.378)
4 - (75.732, 30.431)
4 - (79.296, 47.588)
4 - (69.658, 38.03)
4 - (73.775, 41.481)
4 - (71.672, 27.978)
4 - (78.934, 35.623)
4 - (71.235, 30.002)
4 - (76.388, 39.106)
4 - (82.062, 35.424)
4 - (75.522, 30.423)
4 - (75.287, 35.056)
4 - (73.774, 29.854)
4 - (69.722, 30.665)
4 - (71.583, 29.687)
4 - (70.985, 35.046)
4 - (79.063, 34.108)
4 - (75.452, 32.071)
4 - (78.369, 36.935)
4 - (71.574, 31.774)
4 - (74.352, 29.46)
4 - (70.174, 30.337)
4 - (84.308, 39.872)
4 - (77.902, 33.564)
4 - (89.783, 39.919)
4 - (74.701, 37.139)
4 - (74.71, 32.905)
4 - (73.085, 31.633)
4 - (63.718, 42.556)
4 - (71.887, 41.361)
4 - (74.47, 32.076)
4 - (80.064, 33.376)
4 - (86.033, 38.896)
4 - (78.022, 36.102)
4 - (72.112, 46.159)
4 - (71.649, 33.722)
4 - (74.403, 36.595)
4 - (76.119, 52.599)
4 - (93.43, 46.223)
4 - (74.1, 33.386)
4 - (67.765, 29.983)
4 - (73.631, 34.994)
4 - (76.821, 34.304)
4 - (74.962, 41.962)
4 - (82.121, 47.663)
4 - (65.205, 37.318)
4 - (67.176, 40.178)
4 - (75.783, 39.199)
4 - (70.906, 44.578)
4 - (76.436, 31.272)
4 - (72.064, 47.773)
4 - (83.395, 41.797)
4 - (79.039, 45.005)
4 - (70.645, 30.686)
4 - (69.466, 33.772)
4 - (74.886, 42.94)
4 - (74.477, 34.04)
4 - (65.717, 24.007)
4 - (77.118, 39.105)
4 - (74.385, 44.322)
4 - (76.649, 37.899)
4 - (68.465, 36.778)
4 - (78.734, 39.619)
4 - (77.757, 44.613)
4 - (74.492, 46.353)
4 - (74.704, 36.561)
4 - (76.86, 33.9)
4 - (74.468, 31.665)
4 - (67.835, 32.641)
4 - (71.423, 40.617)
4 - (69.453, 30.757)
4 - (72.423, 38.31)
4 - (80.904, 37.01)
4 - (69.4, 41.381)
4 - (71.23, 29.837)
4 - (84.116, 54.048)
4 - (69.257, 43.192)
4 - (76.534, 30.663)
4 - (68.381, 42.225)
4 - (86.736, 39.136)
4 - (79.015, 50.267)
4 - (69.59, 39.334)
4 - (69.153, 39.854)
4 - (66.017, 37.541)
4 - (73.677, 37.915)
4 - (83.537, 37.501)
4 - (77.343, 34.685)
4 - (74.425, 36.415)
4 - (76.827, 41.533)
4 - (74.571, 30.968)
4 - (70.642, 48.242)
4 - (72.037, 36.57)
4 - (63.781, 43.199)
4 - (76.967, 39.641)
4 - (74.229, 40.996)
4 - (69.642, 37.564)
4 - (76.782, 43.11)
4 - (76.85, 40.131)
4 - (66.509, 44.109)
4 - (78.223, 34.592)
4 - (76.595, 38.312)
4 - (72.085, 34.929)
4 - (67.502, 35.999)
4 - (70.796, 27.44)
4 - (79.398, 42.316)
4 - (73.718, 32.908)
4 - (83.198, 46.03)
4 - (80.88, 40.123)
4 - (75.776, 37.646)
4 - (68.337, 35.699)
4 - (78.636, 42.026)
4 - (79.25, 48.139)
4 - (69.416, 40.985)
4 - (71.591, 43.145)
4 - (69.852, 45.794)
4 - (69.136, 31.724)
4 - (75.242, 39.5)
4 - (77.744, 41.979)
4 - (72.611, 38.578)
4 - (68.231, 37.401)
4 - (71.279, 39.079)
4 - (75.489, 52.18)
4 - (68.109, 40.804)
4 - (65.873, 32.168)
4 - (68.784, 27.311)
4 - (73.58, 42.543)
4 - (75.548, 43.27)
4 - (80.096, 34.541)
4 - (73.1, 40.06)
4 - (70.164, 34.301)
4 - (73.313, 38.789)
4 - (68.075, 38.72)
4 - (70.039, 31.414)
4 - (83.357, 37.243)
4 - (76.735, 40.783)
4 - (77.407, 31.935)
4 - (67.457, 34.511)
4 - (75.307, 32.478)
4 - (81.943, 39.923)
4 - (83.816, 39.72)
4 - (88.137, 42.067)
4 - (71.586, 37.573)
4 - (81.069, 35.863)
4 - (79.663, 34.229)
4 - (86.436, 41.165)
4 - (74.841, 32.869)
4 - (70.762, 39.942)
4 - (73.957, 43.043)
4 - (77.296, 43.579)
4 - (87.368, 41.577)
4 - (86.536, 40.89)
4 - (70.708, 29.67)
4 - (83.903, 36.594)
4 - (73.764, 41.698)
4 - (81.556, 49.182)
4 - (75.618, 30.821)
4 - (67.274, 42.913)
4 - (69.953, 28.681)
4 - (78.535, 40.425)
4 - (71.508, 36.98)
4 - (78.237, 35.05)
4 - (67.754, 41.654)
4 - (72.761, 44.391)
4 - (63.541, 38.385)
4 - (72.037, 41.558)
4 - (81.187, 39.103)
4 - (78.977, 34.861)
4 - (81.646, 48.189)
4 - (72.27, 38.305)
4 - (69.235, 35.034)
4 - (69.232, 27.468)
4 - (70.836, 46.666)
4 - (79.605, 39.409)
4 - (65.853, 30.362)
4 - (81.618, 34.449)
4 - (76.213, 43.433)
4 - (73.363, 37.816)
4 - (76.85, 31.963)
4 - (67.949, 44.225)
4 - (79.422, 34.061)
4 - (66.403, 37.989)
4 - (74.976, 37.422)
4 - (73.759, 46.125)
4 - (68.263, 29.482)
4 - (76.896, 31.916)
4 - (66.83, 43.483)
4 - (85.615, 42.846)
4 - (75.539, 42.765)
4 - (78.007, 35.83)
4 - (70.044, 44.872)
4 - (65.272, 42.07)
4 - (74.881, 50.561)
4 - (76.868, 47.555)
4 - (69.577, 43.476)
4 - (76.83, 46.836)
4 - (72.971, 43.815)
4 - (67.432, 45.389)
4 - (72.567, 42.564)
4 - (77.927, 36.961)
4 - (66.277, 44.487)
4 - (67.82, 34.402)
4 - (65.244, 34.26)
4 - (63.513, 31.179)

